4294967279,362
4294967278,548
4294967279,361
4294967278,547
4294967278,546
4294967278,545
30,6
30,5
4294967279,360
30,4
30,3
30,2
30,1
30,0
4294967278,544
4294967294,908
4294967279,359
4294967278,543
4294967279,358
29,6
4294967278,542
4294967279,357
4294967278,541
29,5
4294967278,540
29,4
29,3
29,2
29,1
29,0
4294967278,539
4294967278,538
4294967278,537
4294967279,356
28,7
28,6
28,5
28,4
28,3
28,2
28,1
28,0
27,7
27,6
27,5
27,4
27,3
27,2
27,1
27,0
4294967278,536
4294967278,535
4294967279,355
4294967279,354
26,7
26,6
26,5
26,4
26,3
26,2
26,1
26,0
4294967278,534
4294967279,353
4294967279,352
4294967278,533
25,7
25,6
25,5
25,4
25,3
25,2
25,1
25,0
4294967279,351
4294967278,532
4294967279,350
4294967278,531
24,7
24,6
24,5
24,4
24,3
24,2
24,1
24,0
4294967279,349
4294967279,348
4294967278,530
23,7
4294967278,529
4294967279,347
4294967279,346
4294967279,345
23,6
4294967279,344
4294967278,528
23,5
23,4
23,3
23,2
23,1
23,0
4294967278,527
22,7
22,6
22,5
22,4
22,3
22,2
22,1
22,0
4294967278,526
4294967279,343
21,7
4294967279,342
4294967278,525
21,6
4294967278,524
4294967279,341
4294967279,340
21,5
21,4
21,3
21,2
21,1
21,0
20,4
20,3
20,2
20,1
20,0
4294967278,523
4294967279,339
4294967278,522
4294967279,338
19,5
19,4
19,3
19,2
19,1
19,0
4294967278,521
18,6
4294967278,520
4294967279,337
4294967279,336
18,5
18,4
18,3
18,2
18,1
18,0
4294967279,335
4294967278,519
17,4
17,3
17,2
17,1
17,0
4294967279,334
4294967279,333
4294967278,518
4294967279,332
4294967278,517
4294967279,331
4294967279,330
4294967278,516
4294967279,329
4294967279,328
4294967279,327
4294967278,515
4294967278,514
4294967279,326
4294967279,325
4294967278,513
4294967279,324
16,7
4294967279,323
4294967278,512
4294967278,319
4294967279,322
4294967279,321
4294967278,318
16,6
4294967279,320
4294967278,317
4294967278,316
16,5
16,4
16,3
16,2
16,1
16,0
15,4
15,3
15,2
15,1
15,0
4294967278,315
4294967279,319
14,5
14,4
14,3
14,2
14,1
14,0
4294967294,469
13,6
4294967278,314
13,5
13,4
13,3
13,2
13,1
13,0
4294967279,318
12,4
12,3
12,2
12,1
12,0
4294967278,313
4294967279,317
4294967278,312
4294967279,316
4294967278,311
4294967279,315
4294967278,310
4294967279,314
4294967278,309
4294967279,313
4294967278,308
4294967278,307
4294967279,312
4294967278,306
4294967279,311
4294967279,310
11,7
4294967279,309
4294967278,305
4294967278,304
11,6
4294967278,303
4294967279,308
4294967279,307
11,5
11,4
11,3
11,2
11,1
11,0
4294967278,302
10,4
10,3
10,2
10,1
10,0
4294967278,301
4294967279,306
4294967278,300
4294967279,305
4294967279,304
9,5
9,4
9,3
9,2
9,1
9,0
4294967278,299
4294967279,303
4294967278,298
4294967278,297
8,6
4294967278,296
4294967279,302
4294967279,301
8,5
8,4
8,3
8,2
8,1
8,0
4294967278,295
7,4
7,3
7,2
7,1
7,0
4294967279,300
4294967278,294
4294967279,299
4294967278,293
4294967279,298
4294967278,292
4294967279,297
4294967278,291
4294967279,296
4294967278,290
4294967279,295
4294967279,294
4294967278,289
4294967279,293
4294967279,292
6,7
4294967279,291
4294967278,288
4294967278,287
6,6
4294967278,286
4294967279,290
4294967279,289
6,5
6,4
6,3
6,2
6,1
6,0
4294967278,285
5,4
5,3
5,2
5,1
5,0
4294967279,288
4294967278,284
4294967278,283
4294967279,287
4294967279,286
4,5
4,4
4,3
4,2
4,1
4,0
4294967278,282
4294967278,281
4294967279,285
4294967278,280
3,6
4294967278,279
4294967279,284
